D = [0.11066023092792425, -0.16898972182470387, 0.0013485937713551353, 0.0003857067833756188, 0.0]
K = [907.1922312613871, 0.0, 646.733835502371, 0.0, 907.7231897656274, 392.47462991366143, 0.0, 0.0, 1.0]
R = [1.0, 0.0, 0.0, 0.0, 1.0, 0.0, 0.0, 0.0, 1.0]
P = [919.05859375, 0.0, 647.1335995560512, 0.0, 0.0, 922.8141479492188, 392.6669407064019, 0.0, 0.0, 0.0, 1.0, 0.0]
None
# oST version 5.0 parameters


[image]

width
1280

height
720

[narrow_stereo]

camera matrix
907.192231 0.000000 646.733836
0.000000 907.723190 392.474630
0.000000 0.000000 1.000000

distortion
0.110660 -0.168990 0.001349 0.000386 0.000000

rectification
1.000000 0.000000 0.000000
0.000000 1.000000 0.000000
0.000000 0.000000 1.000000

projection
919.058594 0.000000 647.133600 0.000000
0.000000 922.814148 392.666941 0.000000
0.000000 0.000000 1.000000 0.000000